



 ********************************************************************************
 ********************************************************************************
 **************************  Single Point Calculation  **************************
 *************************           ImUmU_OPT          *************************
 *************************           BOSS  4.9          *************************
 *************************  Linux   Version  Jun  2014  *************************
 ********************************************************************************
 ********************************************************************************




                         Z-Matrix for Reference Solutes


 --------------------------------------------------------------------------------
                   Init.   Final                        Theta           PHI
   I    Symbol     Type    Type   J     R(IJ)     K      IJK      L     IJKL
 --------------------------------------------------------------------------------
    1      X       100     100    0     0.0000    0     0.0000    0     0.0000
    2      X       100     100    1     1.0000    0     0.0000    0     0.0000
    3      N       800     800    1     1.4000    2    90.0000    0     0.0000
    4      C       801     801    3     1.4027    1    60.0000    2    90.0000
    5      N       802     802    4     1.3865    3   116.8182    1     0.0000
    6      C       803     803    5     1.3934    4   125.6324    3   359.9957
    7      C       804     804    6     1.4576    5   114.3806    4     0.0054
    8      C       805     805    7     1.3530    6   120.9304    5   359.9959
    9      O       806     806    4     1.2272    5   121.3749    6   179.9991
   10      H       807     807    5     1.0179    6   117.5019    7   179.9987
   11      O       808     808    6     1.2301    7   125.3874    8   180.0045
   12      H       809     809    7     1.0801    8   120.0995    3   180.0004
   13      H       810     810    8     1.0804    3   119.9495    4   180.0008
   14      C       811     811    3     1.4891    4   118.8150    5   180.0004
   15      H       812     812   14     1.0895    3   113.1206    4   180.0015
   16      H       813     813   14     1.0917    3   110.1484    4    59.0860
   17      H       814     814   14     1.0917    3   110.1483    4   300.9166
 Next solute:
   18      X       100     100    1     6.1000    2    90.1565    3   146.3519
   19      X       100     100   18     1.0000    1    89.8327    2   180.1119
   20      N       815     815   18     1.4000   19    90.0000    1   146.3338
   21      C       816     816   20     1.4027   18    60.0000   19   270.0000
   22      N       817     817   21     1.3865   20   116.8195   18     0.0000
   23      C       818     818   22     1.3934   21   125.6342   20   359.9981
   24      C       819     819   23     1.4576   22   114.3785   21     0.0024
   25      C       820     820   24     1.3530   23   120.9309   22   359.9977
   26      O       821     821   21     1.2272   22   121.3749   23   180.0020
   27      H       822     822   22     1.0179   23   117.5001   24   180.0051
   28      O       823     823   23     1.2301   24   125.3905   25   180.0101
   29      H       824     824   24     1.0801   25   120.1008   20   180.0011
   30      H       825     825   25     1.0804   20   119.9475   21   179.9992
   31      C       826     826   20     1.4891   21   118.8160   22   179.9996
   32      H       827     827   31     1.0895   20   113.1209   21   180.0034
   33      H       828     828   31     1.0917   20   110.1489   21    59.0879
   34      H       829     829   31     1.0917   20   110.1491   21   300.9187
 --------------------------------------------------------------------------------
 --------------------------------------------------------------------------------





 No Entry in the Z-matrix File for Atom Type  815
