           ImUmU_OPT                                        Tot. E =    -73.0843
   1 Du0  100  100    0    0.000000   0    0.000000   0    0.000000 UNK    1
   2 Du1  100  100    1    1.000000   0    0.000000   0    0.000000 UNK    1
   3 N02  800  800    1    1.400000   2   90.000000   0    0.000000 UNK    1
   4 C03  801  801    3    1.402678   1   60.000000   2   90.000000 UNK    1
   5 N04  802  802    4    1.386479   3  116.818181   1    0.000000 UNK    1
   6 C05  803  803    5    1.393415   4  125.632381   3  359.995668 UNK    1
   7 C06  804  804    6    1.457629   5  114.380599   4    0.005374 UNK    1
   8 C07  805  805    7    1.352992   6  120.930419   5  359.995902 UNK    1
   9 O08  806  806    4    1.227222   5  121.374859   6  179.999101 UNK    1
  10 H09  807  807    5    1.017937   6  117.501874   7  179.998734 UNK    1
  11 O0A  808  808    6    1.230086   7  125.387362   8  180.004499 UNK    1
  12 H0B  809  809    7    1.080096   8  120.099510   3  180.000405 UNK    1
  13 H0C  810  810    8    1.080429   3  119.949527   4  180.000805 UNK    1
  14 C0D  811  811    3    1.489126   4  118.814980   5  180.000390 UNK    1
  15 H0E  812  812   14    1.089540   3  113.120636   4  180.001513 UNK    1
  16 H0F  813  813   14    1.091708   3  110.148413   4   59.086036 UNK    1
  17 H0G  814  814   14    1.091709   3  110.148333   4  300.916643 UNK    1
TERZ                                                                            
  18 DuH  100  100    1    6.100016   2   90.156456   3  146.351881 UNK    1
  19 DuI  100  100   18    1.000000   1   89.832732   2  180.111884 UNK    1
  20 N0J  815  815   18    1.400000  19   90.000000   1  146.333766        2
  21 C0K  816  816   20    1.402676  18   60.000000  19  270.000000        2
  22 N0M  817  817   21    1.386469  20  116.819475  18    0.000000        2
  23 C0N  818  818   22    1.393403  21  125.634157  20  359.998067        2
  24 C0O  819  819   23    1.457638  22  114.378491  21    0.002405        2
  25 C0P  820  820   24    1.353000  23  120.930950  22  359.997675        2
  26 O0Q  821  821   21    1.227221  22  121.374862  23  180.002024        2
  27 H0R  822  822   22    1.017946  23  117.500074  24  180.005099        2
  28 O0S  823  823   23    1.230096  24  125.390471  25  180.010138        2
  29 H0T  824  824   24    1.080096  25  120.100763  20  180.001066        2
  30 H0U  825  825   25    1.080429  20  119.947497  21  179.999213        2
  31 C0V  826  826   20    1.489122  21  118.815980  22  179.999554        3
  32 H0W  827  827   31    1.089539  20  113.120851  21  180.003439        3
  33 H0X  828  828   31    1.091709  20  110.148940  21   59.087923        3
  34 H0Y  829  829   31    1.091709  20  110.149069  21  300.918736        3
                    Geometry Variations follow    (2I4,F12.6)                   
                    Variable Bonds follow         (I4)                          
   4
   5
   6
   7
   8
   9
  10
  11
  12
  13
  14
  15
  16
  17
  21
  22
  23
  24
  25
  26
  27
  28
  29
  30
  31
  32
  33
  34
                    Additional Bonds follow       (2I4)                         
   3   8
  20  25
                    Harmonic Constraints follow   (2I4,4F10.4)                  
                    Variable Bond Angles follow   (I4)                          
   5
   6
   7
   8
   9
  10
  11
  12
  13
  14
  15
  16
  17
  22
  23
  24
  25
  26
  27
  28
  29
  30
  31
  32
  33
  34
                    Additional Bond Angles follow (3I4)                         
   8   3   4
  14   3   8
   9   4   3
  10   5   4
  11   6   5
  12   7   6
   7   8   3
  13   8   7
  16  14  15
  17  14  15
  17  14  16
  25  20  21
  31  20  25
  26  21  20
  27  22  21
  28  23  22
  29  24  23
  24  25  20
  30  25  24
  33  31  32
  34  31  32
  34  31  33
                    Variable Dihedrals follow     (3I4,F12.6)                   
   6  45  45    2.000000
   7  21  21    5.000000
   8  66  66    5.000000
   9  44  44    2.000000
  10  44  44    2.000000
  11 205 205    2.000000
  12 222 222    2.000000
  13  21  21    5.000000
  14 165 165    2.000000
  15  21  21   10.000000
  16  21  21   10.000000
  17  21  21   10.000000
  23  45  45    2.000000
  24  21  21    5.000000
  25  66  66    5.000000
  26  44  44    2.000000
  27  44  44    2.000000
  28 205 205    2.000000
  29 222 222    2.000000
  30  21  21    5.000000
  31 165 165    2.000000
  32  21  21   10.000000
  33  21  21   10.000000
  34  21  21   10.000000
                    Additional Dihedrals follow   (6I4)                         
   5   4   3   8 165 165
   9   4   3   8  47  47
   9   4   3  14  44  44
   7   8   3   4  21  21
   7   8   3  14  21  21
  13   8   3  14  21  21
  15  14   3   8  21  21
  16  14   3   8  21  21
  17  14   3   8  21  21
  10   5   4   3  44  44
  10   5   4   9  46  46
  11   6   5   4  44  44
  11   6   5  10  46  46
  12   7   6   5  41  41
  12   7   6  11  67  67
   3   8   7   6 222 222
  13   8   7   6 222 222
  13   8   7  12 222 222
  22  21  20  25 165 165
  26  21  20  25  47  47
  26  21  20  31  44  44
  24  25  20  21  21  21
  24  25  20  31  21  21
  30  25  20  31  21  21
  32  31  20  25  21  21
  33  31  20  25  21  21
  34  31  20  25  21  21
  27  22  21  20  44  44
  27  22  21  26  46  46
  28  23  22  21  44  44
  28  23  22  27  46  46
  29  24  23  22  41  41
  29  24  23  28  67  67
  20  25  24  23 222 222
  30  25  24  23 222 222
  30  25  24  29 222 222
                    Domain Definitions follow     (4I4)                         
                    Conformational Search (4I2,2F12.6)                          
                    Final blank line                                            
                                                                                
 Final Non-Bonded Parameters for QM (OPLS-AA FEP  ) Atoms:                      
                                                                                
 800  7 NA  -0.600000  3.250000  0.170000                                       
 801  6 C    0.500000  3.750000  0.105000                                       
 802  7 NA  -0.510000  3.250000  0.170000                                       
 803  6 C    0.450000  3.750000  0.105000                                       
 804  6 CM  -0.070000  3.500000  0.080000                                       
 805  6 CM   0.080000  3.500000  0.080000                                       
 806  8 O   -0.400000  2.960000  0.210000                                       
 807  1 H    0.360000  0.000000  0.000000                                       
 808  8 O   -0.420000  2.960000  0.210000                                       
 809  1 HC   0.100000  2.500000  0.050000                                       
 810  1 HC   0.100000  2.500000  0.050000                                       
 811  6 CT  -0.010000  3.500000  0.080000                                       
 812  1 HC   0.140000  2.500000  0.050000                                       
 813  1 HC   0.140000  2.500000  0.050000                                       
 814  1 HC   0.140000  2.500000  0.050000                                       
 815  7 NA  -0.600000  3.250000  0.170000                                       
 816  6 C    0.500000  3.750000  0.105000                                       
 817  7 NA  -0.510000  3.250000  0.170000                                       
 818  6 C    0.450000  3.750000  0.105000                                       
 819  6 CM  -0.070000  3.500000  0.080000                                       
 820  6 CM   0.080000  3.500000  0.080000                                       
 821  8 O   -0.400000  2.960000  0.210000                                       
 822  1 H    0.360000  0.000000  0.000000                                       
 823  8 O   -0.420000  2.960000  0.210000                                       
 824  1 HC   0.100000  2.500000  0.050000                                       
 825  1 HC   0.100000  2.500000  0.050000                                       
 826  6 CT  -0.010000  3.500000  0.080000                                       
 827  1 HC   0.140000  2.500000  0.050000                                       
 828  1 HC   0.140000  2.500000  0.050000                                       
 829  1 HC   0.140000  2.500000  0.050000                                       
                                                                                
